1709109718.733114 29 2
1709109718.852632 20 1
1709109718.968059 25 2
1709109719.046097 23 2
1709109719.047063 20 3
1709109719.173378 20 3
1709109719.418015 30 1
1709109719.478268 30 2
1709109719.818607 27 2
1709109719.819737 25 1
1709109719.992332 20 3
1709109720.192987 21 3
1709109720.478314 30 1
1709109720.857857 23 2
1709109721.016248 28 3
1709109721.187084 26 2
1709109721.217192 21 1
1709109721.276941 23 2
1709109721.422784 29 1
1709109721.478196 25 1
1709109721.640265 26 2
1709109721.641279 26 2
1709109721.652283 27 2
1709109721.652319 24 1
1709109721.863851 22 3
1709109721.863861 26 1
1709109721.86976 20 2
1709109721.884116 25 2
1709109721.884566 20 2
1709109721.885603 20 3
1709109721.888993 27 2
1709109721.89745 26 2
1709109721.897468 27 3
1709109721.900948 23 1
1709109721.902467 28 2
1709109721.902487 25 1
1709109721.902491 27 1
1709109721.903138 25 3
1709109721.903156 22 2
1709109721.906993 21 3
1709109721.917044 20 2
1709109721.93055 25 1
1709109721.931874 27 3
1709109722.040194 23 1
1709109722.241216 26 1
1709109722.314886 25 1
1709109722.325085 28 1
1709109722.418064 28 2
1709109722.478711 30 2
1709109722.513646 20 2
1709109722.513689 21 3
1709109722.514318 20 2
1709109722.514346 25 1
1709109722.687225 22 3
1709109722.866305 20 1
1709109722.868693 28 2
1709109722.931961 24 2
1709109722.938672 28 3
1709109722.973585 24 2
1709109723.064794 27 2